110001010
001111100
100000000
100110101
010000001
110000001
011111010
000001110
110001011
010110010
001111101
110010101
011011011
011010011
001011000
000101110
000000110
000000010
001111110
000110001
001001110
111101001
010111110
101110010
111010100
010010100
101011010
111110101
001010000
111110111
011000000
101100101
011001010
010011111
101000110
110100110
110000011
001000110
011101000
010001110
100110110
100100000
011010101
011001111
010001111
101100100
010100101
101101100
110100100
110010011
011011011
100000011
011101001
101001110
001010111
001110101
011000110
111011001
000111100
111100100
001111011
010101010
010110111
101111010
010100010
111100011
101000101
100110011
000101010
101100001
010010011
101101100
110011000
110000000
111010100
000100010
100001011
111001101
010111011
100001000
101010110
011000111
100000110
100110111
011001000
110101111
100011001
101110000
101100001
101100110
010100110
110010110
100101001
010001011
111011111
001010100
111100000
011001001
001010000
111001100
111110111
010110001
011100100
101100111
001111011
100001101
100001111
110111010
001011010
100101010
100010101
101001011
101101101
110110101
101101111
001101100
101001000
100011001
111001000
010101101
111001100
000011010
011010110
100011101
110000101
101011010
111100101
010000111
100111111
011110110
111000101
010111100
011101101
001100011
111011001
011101011
111010101
000010001
101110011
010001001
001001001
000011101
100100011
110101110
010001010
110101011
101101100
000000101
110111100
101110001
010010001
011101111
000010000
101100100
011001010
010011010
111011111
000111101
100011110
101010000
100010010
101011011
111110110
001000101
010100100
110010110
000100101
011011110
100001011
001111101
101011111
100010000
001001100
101110111
011011101
110000100
001111010
100001110
110000111
100110011
111110001
010100110
111110011
011011100
100001001
010010101
000000101
000000000
111000101
101100101
100001110
000000101
110111100
001000001
001100010
101000110
010010011
111111110
010000101
110001011
011111011
101110110
101001101
101110101
101110011
010110111
011011001
000011001
000111101
101100000
011111000
011001110
101000011
001000010
010011010
011011011
011010100
011101010
000111011
111100010
010010010
011000011
100010000
000011111
110010011
001110000
111110101
111111111
011111000
111011001
010001011
001000010
011000001
101001110
001101111
010000000
011100101
010111100
100010100
100101111
011101011
100111101
011000111
000100101
001100001
101000001
110101010
011100101
101111100
010100111
011101000
111010111
110111111
001110100
110100110
010101011
101011000
011000111
110110000
001011010
010111101
111100011
100001111
110101011
011101011
010110101
111001111
111101001
000101010
110111110
111101100
011111101
001111001
011011101
111001100
111101100
111001010
011010100
001010101
111011101
001000011
000011010
101000111
000001111
000001111
110010110
101110010
000110110
111011011
011101110
110101011
000011001
010011001
100011111
001010011
000000010
101100110
001111010
001011110
101010011
010010011
101110001
011100001
110110111
000010011
000010001
110101111
010101001
010111010
110000111
010101010
000000010
111010111
110101111
010011101
111011101
011100111
100000100
010111001
101001011
111011101
111101011
100110100
010111111
110101010
101110111
110111101
011000001
110011010
000110111
100001111
111101001
110111001
111001000
001011010
110110011
100010010
111011110
101000111
110110110
110101111
001010110
010110111
011101101
111100111
011100111
011101111
101011100
111011111
001110001
111100110
100010010
100000100
001000010
111101000
111110101
000110110
000101101
011100101
101010001
110010001
101100010
010000010
101000011
011100001
110100100
111100010
011101101
010011001
110011000
111000001
000011001
111101001
101110000
010010011
110001101
110011000
111000101
010110100
111010100
001110100
000000010
100111110
110010000
101100011
100011111
100001110
101001010
110110111
100101001
101100111
001101010
110000101
111000000
001010100
010110001
111010000
001001100
111011011
101101100
010110011
001001111
101001100
010010101
001000111
001110100
001111111
100100101
111000011
011000110
100110100
011101000
000000100
011001101
001110010
010011111
000101111
011101000
000000101
011101111
000100001
010111100
001100010
010010010
110001000
101010111
001010111
000000011
101000110
001110111
000010001
000111111
110101010
010011111
000110101
110001111
001011110
100010101
011100011
010010111
110100111
011100011
010000110
110111001
101001001
011101111
011110000
101001111
111010111
011111111
101010011
001011011
001011011
101111100
011111111
010001011
011110011
101111100
010100101
000000001
011010111
101010011
010000100
101011000
100000110
011100001
001001110
000101011
101000100
101010110
111101100
010110111
101010101
111111001
010101111
001001001
000110001
110010001
110101111
100010001
100011011
110010001
100110100
001111001
100110111
101111110
010011010
110011110
010010011
110110010
111111001
100110110
010000000
011111110
111111001
110011010
000111100
110101000
100010010
101100101
000011001
111101000
011101110
111010110
110111010
111000001
000111101
101010010
011000001
011010000
010111111
110101101
001110110
100110010
010011010
101000000
011000101
000101010
010110111
000001111
000011011
010101001
101011110
101011111
010101111
010011111
011100101
101111101
110111001
000010100
000110100
001001100
010001101
100001100
010101001
100001011
000011110
000111101
011000101
100000100
000011001
011110110
010110001
001011000
101100001
111001011
111100110
100110110
110011010
110111010
100001110
100111111
111111011
000110100
100101011
011110010
100011101
001000101
101000100
110111001
010011111
011011000
011100001
011101111
011110100
010111001
010000000
101011101
110110011
000111110
101000110
110010100
000010100
101100101
010110111
010100001
011100001
110000100
001100110
010010101
001000011
101111000
000110010
111001001
101001100
000110000
001010001
011111011
010010111
010101110
010000000
110100011
000111111
010111111
110111110
111111001
001110010
001011001
001111111
010000111
110000000
010001010
010001010
101011110
100110101
100000110
001011011
011101010
100101111
001000100
101110001
100000000
110011110
111110101
101010010
111001110
100101011
010101110
000000001
110111011
010110110
010111110
010000011
011111100
101101111
011010010
011001001
101100100
011101011
001000101
001001001
100010010
001101000
110100101
000100111
111101011
011111010
101011111
011100100
010001100
111011011
111110101
101000110
100011111
001100100
010010001
000110001
100011001
001010000
110110110
101111000
110011110
001010011
000100011
011000110
011001100
111000010
000001001
001011110
101101001
001101101
001011100
111010000
110001100
011010000
010010100
100010100
100001001
011001110
110011010
100101111
110111001
010001010
110001011
110000101
010001110
001000001
011010110
010111111
110101010
110101011
010100001
111011001
101011011
101110001
101110100
001100101
110000010
010110001
100100110
000100100
010001110
100011011
101010000
001010111
011000000
011011011
010010001
100101111
110110000
110110011
101100011
001000110
011111110
101000111
011100011
101000010
001110000
101000000
000010001
001010001
110011100
111010011
101111010
100011111
000000010
101011001
110001110
101010111
000100011
000101000
110100100
001111010
001110011
000010111
001100011
010111011
111000111
101011101
001001101
010101101
010100100
011111011
110100000
100100100
011001100
101000100
111011000
001100011
111110100
111010100
011010010
100100110
111100001
001111101
111110010
011100011
001111000
001001010
000000000
110010010
101100000
000010010
001000001
011011111
111011111
111100111
000010001
001011011
101111100
011110111
010100110
001001101
011111111
010001110
010010111
001010100
010101101
010001000
011000110
010001101
011010001
101011111
000101010
111010010
001001111
111100010
000001011
100001000
111010000
110101110
000011011
001011100
001101010
110101010
001010001
000110110
000101110
111010100
100111000
011011001
011000111
100110011
110011000
010001101
101001100
110100101
001011011
001000011
101110000
000101111
011010111
001100111
101001011
000100001
001101100
101111001
100000100
001110011
011001111
001000001
101111101
111001001
010111100
010010010
100111001
110101000
001100110
000100111
010010111
001001010
110110101
000101100
011101011
011000111
111110111
001101101
011111110
110010001
011010101
111010011
010101001
111101101
011001001
010101111
101000001
000011011
101101101
011001011
100100001
111000111
011011100
100011101
001100110
010000111
001001101
001100110
101001110
011010010
000010111
111000011
100100000
000001011
010000100
011110110
001000100
010011110
001000000
001101010
110110110
100100001
110001101
100001101
011101011
000101101
100010100
010110000
110011000
000010111
011011000
001000100
101011101
100000110
001000110
111011101
101111001
111101010
000100100
100100000
010000111
001110111
010110101
110100001
110001100
110100111
110000001
000010011
000111110
110001011
111111000
010110101
101111000
001001011
101001000
010101001
100110001
111101101
100001111
111110000
001011111
010000000
100000110
111010111
100100011
101101111
100010100
001111101
100000000
110001011
101011011
010100111
100001110
000010011
100001100
101010110
111001101
110011110
010000011
000010100
111011011
000000000
110010100
111011011
010110000
111011111
010001100
110001000
000110011
011111011
110111000
111001010
001010011
110001000
010001110
111011101
001110011
010001000
111000110
100101110
010101110
001010100
111111000
000111101
111010110
101110110
010111101
111001001
101011010
010110010
000011111
001111000
111000000
010100101
010110011
100000101
000110111
000001101
011011011
110101101
111110001
101110110
001011010
011000100
000001001
011100101
101110100
111110011
101010100
111000110
000011110
011010000
000101000
100111000
110001011
100110100
101001011
000100000
000011011
110011100
001001011
011010001
111011111
001010110
111011010
101001000
010001100
111110111
011001110
111010011
101111110
111011101
111011011
010110101
011110000
000000101
000101010
101100000
100001010
111001100
010111111
